0.0106941
0.00366187
0.00261576
0.00281039
0.00274587
0.00260101
0.00258288
0.00265852
0.00392586
0.00372308
0.00375424
0.00293842
0.00453548
0.00253841
0.00326656
0.00428943
0.0050314
0.00273978
0.00349084
0.00387835
0.00453508
0.00491145
0.00556771
0.00210186
0.00801501
0.00242296
0.01031
0.0051811
0.00139327
0.00523893
0.00586072
0.00220956
0.010113
0.00685874
0.00631266
0.00735941
0.00409029
0.00881349
0.00764608
0.00279285
0.00455123
0.00242124
0.00823167
0.00768666
0.00893584
0.00598992
0.00699165
0.00469399
0.00710337
0.0127727
0.00843385
0.00676168
0.00884604
0.00899427
0.00802963
0.0135622
0.0039244
0.0115999
0.0103726
0.0158066
0.00645764
0.0339755
0.00992478
0.00656251
0.0123331
0.0110481
0.0144022
0.00262048
0.00152816
0.00194091
0.00153177
0.00190874
0.00212044
0.00221769
0.00152157
0.00157878
0.00197035
0.00211822
0.00229203
0.00237768
0.00217761
0.00203505
0.00184817
0.00179791
0.00186841
0.00183034
0.00270024
0.00451912
0.00248321
0.00228048
0.00264929
0.00242992
0.00192678
0.00186132
0.00181455
0.00265378
0.00258458
0.00172741
0.00242598
0.00251192
0.00175816
0.00186807
0.00201441
0.00176541
0.00215308
0.0020057
0.00246842
0.00314011
0.00237091
0.00211591
0.00589792
0.0020426
0.00200622
0.00253173
0.00202093
0.00421665
0.00261076
0.00215021
0.002145
0.00229165
0.0031813
0.0022699
0.00229032
0.00239927
0.00219597
0.0139961
0.00395371
0.00453572
0.00331022
0.00401343
0.00663743
0.0102975
0.00960903
0.00659411
0.0217452
0.0050097
0.0102143
0.0115719
0.0104029
0.0117463
0.00383492
0.0112646
0.0114447
0.00449655
0.00652604
0.0085256
0.00985337
0.0238561
0.0104264
0.00821754
0.0108503
0.0124602
0.012733
0.014733
0.0300569
0.00400561
0.00255266
0.00328889
0.0025536
0.00320003
0.00364115
0.00348779
0.00268379
0.00249099
0.00205824
0.00201242
0.00179915
0.00143631
0.00212064
0.00349882
0.00358805
0.00387356
0.0039285
0.00439277
0.00410242
0.00550061
0.00695726
0.00421208
0.00656103
0.0121512
0.00416795
0.00411268
0.00421157
0.00425467
0.00431183
0.00436896
0.00430011
0.00427048
0.0231264
0.00296962
0.00266192
0.00343945
0.00328586
0.00941559
0.00264168
0.00275652
0.00255988
0.00263103
0.0113054
0.00340502
0.00271901
0.00386577
0.00330864
0.00383147
0.00376107
0.00264596
0.000681916
0.000876143
0.000992015
0.00116341
0.00124528
0.00139177
0.00156839
0.00165996
0.00165794
0.00172726
0.0015898
0.00205751
0.00215878
0.00159194
0.00207092
0.00132067
0.00161094
0.0016127
0.00177463
0.008602
0.00174545
0.00125471
0.00123712
0.00168639
0.00129256
0.00132118
0.00164478
0.00181141
0.00192208
0.00150428
0.00165743
0.00136942
0.00163686
0.00215563
0.00188653
0.00259369
0.00232461
0.00166128
0.0017392
0.00232948
0.00236183
0.00242389
0.00198467
0.00154229
0.00151488
0.00161096
0.00184541
0.00162837
0.0021653
0.00150801
0.00179944
0.0022348
0.00220973
0.00229731
0.0023658
0.00162356
0.00155904
0.00230937
0.00180303
0.00163017
0.00170463
0.00163219
0.00241596
0.00178934
0.0017431
0.00179878
0.00208227
0.00198952
0.00183492
0.00180182
0.00187462
0.00184012
0.00286905
0.00187341
0.00194972
0.00197591
0.00192117
0.00276559
0.00232844
0.0018859
0.00254722
0.00260672
0.0022321
0.00240894
0.00245663
0.0043039
0.00185795
0.00187746
0.002726
0.00277434
0.00209047
0.00261567
0.00300633
0.00277223
0.00258734
0.00193304
0.00214944
0.00315307
0.00226702
0.00214484
0.00296028
0.00339654
0.00289443
0.00225517
0.00160023
0.00224909
0.00211803
0.00142473
0.0014137
0.00131183
0.00122277
0.00297793
0.00384986
0.00323942
0.00326101
0.00455725
0.00343332
0.00354101
0.00375118
0.00574806
0.003694
0.00679119
0.00597212
0.00376431
0.00623389
0.00507917
0.00616043
0.00388
0.00282142
0.00335642
0.00273799
0.00347409
0.00266409
0.00265223
0.0180353
0.00274648
0.00262275
0.00603268
0.00260476
0.00267429
0.00446072
0.00442276
0.00285079
0.00319805
0.00300861
0.000941648
0.00133745
0.00105187
0.00160837
0.00132768
0.00141619
0.00152155
0.00205283
0.00174003
0.00245097
0.00184187
0.00156777
0.00150204
0.00150968
0.00196225
0.00131715
0.00143468
0.00168002
0.00127826
0.00183596
0.00178102
0.0013999
0.00172229
0.0012959
0.0017777
0.00184753
0.00162169
0.00135783
0.00215118
0.00191326
0.00137483
0.00142801
0.0102161
0.00199218
0.00150031
0.00172236
0.00166333
0.00170114
0.00163766
0.0024818
0.00258167
0.00192166
0.00169042
0.00166596
0.00209597
0.00163488
0.00166632
0.00205363
0.00264533
0.00249021
0.00174988
0.00225022
0.00213564
0.00236797
0.00207344
0.00163239
0.00173817
0.00164333
0.00180473
0.00173277
0.00168044
0.00172814
0.00166142
0.0019603
0.00172056
0.00270134
0.00183316
0.0018456
0.00185201
0.00247139
0.00183173
0.00187106
0.00186973
0.00189871
0.00195069
0.00198387
0.00203636
0.00244945
0.00254745
0.002694
0.00245604
0.00184134
0.00192679
0.00186316
0.00217389
0.00188923
0.00218226
0.00227206
0.0019797
0.00297769
0.00342845
0.00207696
0.00215144
0.00269824
0.00184632
0.00199605
0.00198963
0.0027355
0.00264043
0.00295474
0.00220923
0.00231428
0.00306811
0.00281543
0.00235633
0.0018556
0.00212789
0.00154044
0.00184246
0.00128633
0.00162465
0.00385193
0.00350043
0.00328567
0.00344559
0.00390592
0.00352989
0.00354692
0.00268765
0.00293274
0.00296473
0.00258313
0.00366068
0.00379491
0.00267251
0.00500206
0.00255638
0.00269909
0.0038274
0.00385285
0.00401106
0.00227572
0.000688832
0.00099363
0.00139214
0.00174587
0.0012402
0.00137766
0.00157945
0.00220045
0.00167932
0.00189089
0.00210073
0.00217521
0.00207669
0.00191543
0.00193681
0.00185133
0.00172728
0.00164706
0.00179571
0.00132614
0.0014494
0.00197792
0.00183415
0.00178108
0.00163782
0.00129125
0.00190872
0.00336621
0.00146723
0.00204827
0.00188604
0.00183984
0.00182129
0.00148579
0.00141981
0.00172659
0.00147554
0.0017515
0.00183553
0.00164378
0.00246002
0.00238694
0.00179998
0.00179241
0.00155374
0.00166275
0.00155984
0.00223542
0.00238989
0.00170202
0.00218639
0.00206676
0.00210029
0.0017721
0.00209023
0.00233373
0.00173712
0.00154492
0.00155482
0.00212979
0.00198511
0.00224067
0.00234987
0.00165382
0.00174537
0.00244427
0.00241853
0.00181291
0.00197252
0.00184365
0.00185591
0.00199577
0.00200874
0.00246139
0.00195625
0.00209665
0.00319914
0.00192015
0.00207019
0.00198204
0.00258496
0.00201109
0.00193677
0.00219819
0.00182429
0.00279214
0.00244236
0.00189867
0.00280239
0.00204742
0.00200446
0.00206585
0.0019954
0.00192876
0.00198724
0.00225213
0.0020971
0.00256756
0.00236323
0.00237798
0.00217498
0.00270728
0.00403805
0.0017598
0.00221331
0.0013116
0.00119209
0.00166834
0.00274009
0.00324827
0.00373311
0.00322315
0.00337771
0.00502829
0.00364184
0.00356219
0.00421552
0.00383361
0.00405887
0.0057731
0.00398001
0.00378821
0.00487189
0.00373432
0.0062484
0.00391386
0.00507987
0.020461
0.0039712
0.00356292
0.00262386
0.00335062
0.00277346
0.002575
0.004469
0.00391272
0.00429238
0.00404737
0.0041521
0.001931
0.000769113
0.00146948
0.00111819
0.00142449
0.00141846
0.00156385
0.00160252
0.00177883
0.00235795
0.00254333
0.00207296
0.00156033
0.00208648
0.00190115
0.00164963
0.00598772
0.00170552
0.00177855
0.00128204
0.00128112
0.00184231
0.00171207
0.00172235
0.00128694
0.00163232
0.00204825
0.0012881
0.00235209
0.00191353
0.00183793
0.00180296
0.00146116
0.00149456
0.00171912
0.0015094
0.00173349
0.0015138
0.00152298
0.00623335
0.00204338
0.00219252
0.00236575
0.00216593
0.00160847
0.00163265
0.0017363
0.00174504
0.00209007
0.0022162
0.0018201
0.00175199
0.00262841
0.00261079
0.00211415
0.00210753
0.00198566
0.00152633
0.00219
0.0017639
0.0023771
0.00161889
0.00204622
0.00161425
0.00164563
0.00167542
0.00171298
0.00171634
0.00239338
0.00281682
0.00179484
0.00426751
0.00226748
0.0017723
0.00256657
0.00272446
0.00252007
0.00192126
0.00186988
0.0042923
0.00177105
0.00200836
0.00181858
0.00172939
0.00200732
0.00200672
0.00173258
0.00185757
0.00209021
0.00253994
0.00278404
0.00237606
0.00218199
0.00200987
0.00193971
0.00250626
0.00231937
0.00234878
0.00218338
0.00218549
0.00215762
0.00263155
0.00281523
0.00327042
0.00198892
0.00180718
0.00108575
0.0013332
0.00291278
0.00324111
0.00370988
0.00485415
0.00406853
0.00338045
0.00364401
0.00365385
0.00367733
0.00358397
0.00355091
0.00365787
0.00448133
0.00374568
0.00386
0.00392337
0.00388709
0.00407273
0.00393475
0.00267291
0.00270313
0.00271331
0.00256679
0.00264749
0.00259255
0.00257941
0.0026954
0.00270094
0.00373033
0.00358195
0.00287843
0.00393914
0.00281922
0.00178438
0.00075723
0.00112086
0.00117121
0.00114524
0.00162065
0.00143059
0.00223024
0.00219104
0.00227652
0.00165148
0.00220901
0.00156279
0.0015411
0.00204268
0.00194836
0.0015749
0.00173544
0.00121769
0.00172062
0.00163519
0.00126592
0.001292
0.00177656
0.00172857
0.00136172
0.00133322
0.00138106
0.00206359
0.00137612
0.00199545
0.00177155
0.00196069
0.00135711
0.00142801
0.00243022
0.00205385
0.00161956
0.00161554
0.00171977
0.0017277
0.0016613
0.00161445
0.00226477
0.00172937
0.00156902
0.00192849
0.00193594
0.00244665
0.00168903
0.001686
0.00176051
0.00209496
0.00307461
0.00164025
0.00167937
0.00160843
0.00290003
0.00159171
0.00229004
0.00208212
0.00270217
0.0026177
0.00266028
0.0026791
0.00277107
0.0115387
0.00258478
0.002787
0.00273528
0.00463379
0.00390405
0.00446221
0.00241624
0.000909155
0.00104265
0.00152352
0.00110441
0.00122856
0.00147976
0.00176203
0.00162613
0.00175398
0.00166751
0.00158044
0.00150226
0.00146389
0.00194267
0.00152736
0.00168516
0.00208337
0.0023938
0.00183825
0.00179557
0.00189052
0.00127238
0.00130511
0.00128315
0.00170485
0.00151303
0.00148746
0.00135561
0.00187321
0.00193922
0.00180955
0.00160799
0.00156996
0.00187836
0.00173136
0.00169784
0.00249203
0.00220244
0.00163964
0.00157881
0.00200119
0.00156244
0.00288192
0.00161969
0.0017214
0.00236341
0.00167597
0.00225282
0.00231281
0.00217555
0.00159679
0.00230477
0.00171773
0.0020235
0.0025711
0.00170866
0.0030715
0.00215497
0.00172021
0.00203803
0.00161807
0.00164429
0.00172999
0.00171158
0.00216579
0.00182529
0.00180419
0.00261639
0.00235843
0.00184353
0.00248668
0.00191149
0.00205991
0.00225348
0.00269117
0.00206037
0.00193298
0.00920482
0.00185362
0.0017617
0.00238165
0.00206046
0.00264372
0.0023476
0.00185306
0.00199098
0.00194628
0.00216353
0.00188841
0.00245639
0.00293658
0.00260031
0.00193207
0.00187756
0.00204195
0.00226134
0.00212145
0.00290702
0.00243246
0.00288134
0.0021075
0.00271601
0.00254538
0.00213877
0.00208584
0.00107088
0.00107977
0.0027299
0.00326864
0.00365232
0.00473047
0.00377772
0.00347051
0.00427602
0.00368648
0.00574628
0.00391443
0.00366346
0.00366096
0.00361204
0.00366279
0.00380351
0.00395166
0.00624198
0.00402803
0.0025823
0.00305419
0.0025684
0.00266676
0.00260363
0.00253351
0.00289299
0.00262465
0.00317782
0.00302959
0.00296164
0.00264141
0.00259795
0.00258843
0.00270486
0.00353124
0.00258732
0.00282159
0.00302812
0.00258897
0.00258953
0.00290019
0.00293565
0.00261634
0.00262855
0.00256486
0.00253748
0.00256018
0.00285506
0.00257862
0.00290854
0.0028759
0.00260028
0.00274358
0.002583
0.00251544
0.00288811
0.0025643
0.00297666
0.00285785
0.00290728
0.00263557
0.0026816
0.00300756
0.00260808
0.0026753
0.00275687
0.00297173
0.0185354
0.00274798
0.00390121
0.00370035
0.00380163
0.00289272
0.00252866
0.000886948
0.00152425
0.00105209
0.00116515
0.0016199
0.00148143
0.00163999
0.00230124
0.00182625
0.00211785
0.00216675
0.00194754
0.00198487
0.00249849
0.00126974
0.00127678
0.00128202
0.00183828
0.001746
0.00152838
0.00171186
0.00169969
0.00130531
0.00132326
0.00153153
0.00179935
0.00143629
0.00173169
0.00146725
0.00138362
0.00134845
0.00141747
0.00187547
0.00158494
0.00165999
0.00153693
0.00171905
0.00194875
0.00159621
0.00218652
0.00220592
0.00222193
0.00169701
0.00162112
0.00152603
0.00153801
0.00204936
0.00171249
0.00168644
0.00256741
0.00166242
0.00160833
0.00169895
0.00164425
0.00283072
0.00163865
0.00210551
0.00226556
0.00311042
0.00179624
0.00157994
0.00164476
0.00167331
0.00169899
0.00248663
0.00194363
0.0018302
0.00184771
0.00183586
0.00185951
0.00212256
0.00189995
0.0018618
0.00200462
0.00280946
0.00200184
0.00197122
0.00188234
0.00268578
0.00178652
0.00254052
0.00179525
0.00475924
0.00254573
0.00192794
0.00184129
0.00182949
0.00258898
0.00188332
0.00208841
0.00193219
0.00202863
0.0020153
0.00204486
0.00192582
0.00213253
0.00202017
0.00300152
0.00233905
0.00218672
0.00210796
0.00216093
0.00271315
0.00196879
0.00219961
0.0022552
0.00212213
0.00114482
0.00108093
0.00336539
0.00316346
0.00356352
0.00385941
0.00357506
0.00350967
0.00351009
0.00386088
0.00385246
0.0038102
0.00359679
0.00384315
0.00405623
0.00384732
0.00382377
0.00389985
0.00389825
0.00407584
0.00289666
0.0026316
0.00348649
0.00258972
0.00259601
0.00299978
0.00363929
0.00413368
0.00413378
0.0021081
0.000959043
0.00122542
0.00139306
0.00159538
0.00183357
0.00153721
0.001702
0.00166315
0.00177049
0.00248651
0.00248809
0.00214659
0.00145174
0.00141386
0.00162444
0.00126731
0.00219155
0.0019867
0.00175494
0.00162209
0.0017834
0.001862
0.00171382
0.00129376
0.00141766
0.00221768
0.00132326
0.00140951
0.0013691
0.00183411
0.00140685
0.00149923
0.00197717
0.00210395
0.00190631
0.00178615
0.00152746
0.00212965
0.00217568
0.00190928
0.00201916
0.0019785
0.00151403
0.00178742
0.00220166
0.00185562
0.00236431
0.00248329
0.00437697
0.00179975
0.0026043
0.00217313
0.00230221
0.00200863
0.00158669
0.00229606
0.00161662
0.00244152
0.00254487
0.00192701
0.00161486
0.00160124
0.00205465
0.002152
0.00211542
0.0016778
0.00267045
0.00175311
0.00328463
0.00185044
0.00234209
0.00181749
0.0018605
0.00259303
0.00195027
0.00217836
0.0018546
0.00265432
0.00184199
0.00248554
0.00192056
0.0024994
0.00194563
0.0018225
0.00215643
0.00184545
0.0017926
0.00186091
0.00188487
0.00193288
0.00208534
0.00426547
0.00205896
0.00247813
0.00188608
0.00188831
0.00282333
0.00213871
0.00210333
0.00212466
0.00210131
0.00207359
0.00277938
0.00263554
0.00283912
0.00212369
0.00193383
0.00184041
0.00133504
0.00101007
0.00290671
0.00313757
0.00449372
0.00369245
0.00334592
0.00350506
0.00366506
0.00358375
0.00262021
0.0029141
0.00343761
0.00360657
0.00287306
0.00281342
0.00322853
0.0026006
0.00260338
0.00282972
0.00265564
0.00265189
0.00305311
0.00424091
0.00392707
0.00285939
0.00286183
0.00149272
0.00113115
0.00105745
0.0013463
0.00186196
0.00497725
0.00155521
0.00172594
0.00179531
0.00206211
0.00151733
0.00162444
0.00142891
0.00203228
0.001241
0.00175202
0.00174209
0.00153736
0.00179358
0.00147692
0.00131844
0.00188604
0.00188614
0.00192522
0.00183493
0.00145905
0.00183338
0.00152386
0.00159271
0.00173463
0.00140132
0.00157858
0.00205905
0.00235564
0.00178765
0.00179336
0.00274363
0.00179067
0.00163344
0.00232489
0.00207893
0.00164618
0.0016715
0.00167453
0.00339989
0.00166101
0.00228122
0.0024124
0.00154648
0.00225297
0.00160865
0.00207352
0.00164539
0.00217193
0.00161276
0.00296568
0.00174174
0.00246912
0.00163353
0.00232468
0.00165419
0.0016827
0.00203402
0.00174431
0.00176523
0.00186064
0.00186481
0.002446
0.0022638
0.00187721
0.00202127
0.00274052
0.00197202
0.00258363
0.00274689
0.00362132
0.00253051
0.00186673
0.00195602
0.00252671
0.00186356
0.00255909
0.00199001
0.00282625
0.00295808
0.00191056
0.00289964
0.00575178
0.00209666
0.00207072
0.00190241
0.0022707
0.00192765
0.00208289
0.00295832
0.00228216
0.00267968
0.00236143
0.00305874
0.00332814
0.00262556
0.00248852
0.00219833
0.00124729
0.00107962
0.0031974
0.00312203
0.00333377
0.00334674
0.00338611
0.00370595
0.00346757
0.00369489
0.00597136
0.00367057
0.00394096
0.00369781
0.00381424
0.00387293
0.00384542
0.00385821
0.00388759
0.00261115
0.00264076
0.00252744
0.00339909
0.0027184
0.00289525
0.00258996
0.00412833
0.00255494
0.00278564
0.0190349
0.00413789
0.0027979
0.00358428
0.00174737
0.000721584
0.00102932
0.00108536
0.0011173
0.00155321
0.00148227
0.00156321
0.00221741
0.00223149
0.00164238
0.00188205
0.00196054
0.00148046
0.00193014
0.00144264
0.00173622
0.00132563
0.00139932
0.00172686
0.00126933
0.0016664
0.00170096
0.00613864
0.00169661
0.00168986
0.00154266
0.00167347
0.00137484
0.00146837
0.00135804
0.00135968
0.00134238
0.00133677
0.0013689
0.00246916
0.00151953
0.00220142
0.00160527
0.00164919
0.00213278
0.00169305
0.00191772
0.00213532
0.00239468
0.00201359
0.00278752
0.00161574
0.00227351
0.00163809
0.00223533
0.00204551
0.002019
0.00166774
0.00223227
0.00164924
0.00184388
0.00157832
0.00161338
0.00223902
0.00215057
0.00239267
0.0020203
0.00173837
0.00225886
0.00167715
0.00218476
0.00209198
0.00174504
0.00179658
0.00261576
0.00187518
0.00227907
0.00253794
0.00197458
0.00187283
0.00224995
0.00279903
0.0021538
0.00196467
0.00193183
0.002223
0.00194981
0.00200159
0.00183667
0.00230702
0.00208526
0.00265788
0.00182981
0.00225391
0.00183294
0.00280545
0.00199575
0.00285739
0.00217016
0.00199041
0.00357102
0.00247126
0.00423381
0.00193401
0.00214711
0.00240938
0.00218537
0.00214762
0.00267853
0.00289673
0.00303124
0.00261575
0.0016176
0.00218871
0.00216608
0.00173289
0.00148496
0.00109312
0.00215544
0.00301538
0.00361375
0.00426936
0.00354394
0.00353445
0.00350522
0.00591423
0.00365695
0.00414393
0.00363565
0.00500876
0.00513771
0.0036387
0.00468892
0.00403006
0.00437504
0.00401063
0.00410989
0.00527821
0.00392251
0.00440516
0.00261138
0.00275936
0.00262606
0.00291026
0.0026902
0.00262878
0.00261775
0.0107229
0.00339905
0.00306012
0.00339987
0.0030192
0.00388152
0.00543676
0.00330924
0.00126788
0.000628313
0.000963008
0.00100778
0.00121251
0.00173676
0.00155879
0.00181632
0.00171073
0.00246613
0.00177647
0.00155975
0.00155707
0.00187536
0.00151678
0.00180993
0.00180982
0.00206428
0.0013116
0.00181894
0.00208384
0.00225707
0.00132037
0.00177075
0.00173102
0.0017906
0.00127446
0.00191183
0.00198442
0.00182538
0.00190514
0.00219165
0.00283229
0.00957742
0.00156696
0.00155268
0.00157756
0.0016864
0.00176974
0.00193145
0.00262746
0.0018656
0.0015704
0.00162337
0.00187918
0.00204633
0.00214028
0.00251072
0.00170771
0.00235451
0.00163773
0.00212452
0.00214954
0.00211572
0.00220637
0.0020949
0.0016382
0.00215425
0.0024375
0.00188418
0.00176802
0.00162004
0.00171033
0.00176407
0.00183038
0.00221215
0.00179846
0.00180446
0.00180382
0.00419013
0.00199799
0.0034845
0.00189855
0.00188872
0.0018916
0.0019742
0.00206579
0.00219277
0.00198266
0.00191676
0.00277425
0.00191382
0.00211974
0.00286563
0.00200128
0.00268781
0.00184031
0.00188474
0.00187152
0.00194264
0.00203696
0.00210139
0.00273252
0.002141
0.00195663
0.00195644
0.00261421
0.00215388
0.00216672
0.00317303
0.00214771
0.00291467
0.00243301
0.00283526
0.00302119
0.00204983
0.00213837
0.00236286
0.00178176
0.00122458
0.0010355
0.00280865
0.00432437
0.0045257
0.00351848
0.00363625
0.00360989
0.00364466
0.00399152
0.00483542
0.00379861
0.00375109
0.00367447
0.0038794
0.00572951
0.00629295
0.00407854
0.0039303
0.00409335
0.00657983
0.00254966
0.00254609
0.00262775
0.00273331
0.00278821
0.00267052
0.00316605
0.00400483
0.00487706
0.0043518
0.00308476
0.00124661
0.000768424
0.00103889
0.00130806
0.0012123
0.00127636
0.00163268
0.00182636
0.00233462
0.00246467
0.00181221
0.00210337
0.00171356
0.00189025
0.0019492
0.00151375
0.00121379
0.00125891
0.00187227
0.00172461
0.0025132
0.00135238
0.001748
0.00178658
0.00189177
0.00207499
0.00149741
0.00144482
0.00278346
0.00159852
0.00186682
0.00164988
0.00147634
0.00154736
0.00171913
0.00157164
0.00207956
0.00225204
0.00197642
0.0014256
0.001966
0.00229019
0.00146554
0.00156705
0.0015563
0.00198627
0.00165419
0.00161438
0.00248669
0.00216594
0.00261999
0.0015936
0.00166748
0.00163112
0.00226376
0.00231927
0.0015872
0.00202651
0.00156671
0.00183992
0.00159749
0.00167296
0.00163153
0.001724
0.0027504
0.00235241
0.00183974
0.00178242
0.00202788
0.00286544
0.00189965
0.00188275
0.0040467
0.00197215
0.00234183
0.0020509
0.00181982
0.00188802
0.00201442
0.00216656
0.0023242
0.00179167
0.00185874
0.00275855
0.00183251
0.00186125
0.00200279
0.0018518
0.00269905
0.00196098
0.00182037
0.00187121
0.0021897
0.00212491
0.00230065
0.00282597
0.00251436
0.00289546
0.00452111
0.00289792
0.00251851
0.00205204
0.00246633
0.00192746
0.00106559
0.000995805
0.00234395
0.00306211
0.00327258
0.0125508
0.00397295
0.00338365
0.00350911
0.00357167
0.00365191
0.00388542
0.00365689
0.00390152
0.00356156
0.00345744
0.00528428
0.00600146
0.0050454
0.00380004
0.00387464
0.00385615
0.00380713
0.00267998
0.00274182
0.00361506
0.00260712
0.00260907
0.00332677
0.00379436
0.00261392
0.00259068
0.00261713
0.00258611
0.00382252
0.00290498
0.00427808
0.00344691
0.00156337
0.00065552
0.00153296
0.00130647
0.00161406
0.00182295
0.00166836
0.0016522
0.00170376
0.00235784
0.00153749
0.00149162
0.00219323
0.00200206
0.00183537
0.00166172
0.0081804
0.00135228
0.00129661
0.00174299
0.00124555
0.00131921
0.00167064
0.00124424
0.00175183
0.00178868
0.00141145
0.00197089
0.00198675
0.00178452
0.00151537
0.0015597
0.00135136
0.00145109
0.00230251
0.00205021
0.00229549
0.00157994
0.00249705
0.00168619
0.00162309
0.00218277
0.00160179
0.0016111
0.00153727
0.00242547
0.00214213
0.00207872
0.00236046
0.00249619
0.00210351
0.00172237
0.0150882
0.00243157
0.00196031
0.0015557
0.00216536
0.00161536
0.00172864
0.00210758
0.00222981
0.00162112
0.00231498
0.00170969
0.00236927
0.00178258
0.0018445
0.00239918
0.00174235
0.00179829
0.00177467
0.00179687
0.00211217
0.00250698
0.0022944
0.00181227
0.00182125
0.00217047
0.00175946
0.00244946
0.00527192
0.00234963
0.0016465
0.00172016
0.0016922
0.00241291
0.00232608
0.00256141
0.00226456
0.00188137
0.00177468
0.00240224
0.00174077
0.0026314
0.00276636
0.00210528
0.00186187
0.00272742
0.00199676
0.0022912
0.00196898
0.00465088
0.00133246
0.00103006
0.000887884
0.00254625
0.00305897
0.00328318
0.00430411
0.00317787
0.00322841
0.00522745
0.00338114
0.00335003
0.00330807
0.00486756
0.00323315
0.00353394
0.00344508
0.00340999
0.00428161
0.00490292
0.00355043
0.00282605
0.00398068
0.00338476
0.00358595
0.0163384
0.0027947
0.00273456
0.00256516
0.00260161
0.00457709
0.00272442
0.00383568
0.00317022
0.00104893
0.00107109
0.00172215
0.00106688
0.00130224
0.00128447
0.00155435
0.00205732
0.0022921
0.00219188
0.00210237
0.00152364
0.00202861
0.00206044
0.00171408
0.00182511
0.00125085
0.00124067
0.00189176
0.0013796
0.00169318
0.00181286
0.00445652
0.00129138
0.0015574
0.00129127
0.0020231
0.00134603
0.00133315
0.00134717
0.00158212
0.00139789
0.00142279
0.00145318
0.00148382
0.00237238
0.00174175
0.00241931
0.00174617
0.00213304
0.00230947
0.00211144
0.00173498
0.00158018
0.00238717
0.00241258
0.00170544
0.00257076
0.00209635
0.00187187
0.0020527
0.00246682
0.00244987
0.00150853
0.00211259
0.0179243
0.00178782
0.00158635
0.0015929
0.00170364
0.00178099
0.00215205
0.00166338
0.00176303
0.00170852
0.00174907
0.00175955
0.00217359
0.00169644
0.00179065
0.00256795
0.00257773
0.00271204
0.00228941
0.002572
0.0024951
0.00177051
0.00180286
0.0020564
0.00178285
0.0016871
0.00232575
0.00243227
0.00224463
0.00229787
0.00172343
0.00243441
0.0025081
0.00263784
0.00188695
0.00237643
0.00203959
0.00270917
0.00191192
0.00276707
0.00266911
0.00202704
0.001917
0.00381299
0.00199488
0.00240685
0.00211399
0.00186799
0.00187637
0.00157409
0.000883881
0.000890137
0.00200739
0.00274788
0.00320641
0.00309586
0.00306819
0.00360082
0.00449576
0.00348353
0.00349441
0.0197532
0.0033044
0.00457035
0.00503767
0.00330923
0.0049018
0.00363444
0.00370432
0.00547074
0.00352011
0.00349211
0.00269746
0.00284765
0.0038457
0.00266833
0.0029091
0.00314451
0.00262021
0.00259057
0.00261065
0.0028873
0.00292036
0.00261942
0.00294137
0.0026191
0.00265031
0.0026928
0.00275582
0.00271717
0.00252576
0.00265326
0.00337715
0.00262089
0.00259136
0.00268194
0.00455719
0.00492845
0.00287409
0.00439154
0.00260203
0.000741037
0.00140852
0.00105133
0.00119532
0.00148235
0.00154673
0.00280297
0.00172502
0.00167593
0.00215421
0.00157913
0.00216324
0.00197623
0.00216853
0.00121401
0.00124962
0.00132979
0.00186508
0.00193173
0.00135753
0.00174201
0.00130619
0.00179787
0.00131646
0.00178641
0.00123658
0.0013214
0.00148402
0.00134041
0.00137554
0.00190891
0.00205762
0.00182287
0.00186762
0.00200651
0.00231359
0.00162597
0.00235291
0.00228348
0.00169964
0.00175167
0.00211349
0.00156554
0.00157558
0.001615
0.00259564
0.00177537
0.00162229
0.00250098
0.00249109
0.0020733
0.0016254
0.00252142
0.00172973
0.00225072
0.00161738
0.00223544
0.00172905
0.00229484
0.0024557
0.00228834
0.00227034
0.00162653
0.00226429
0.00227039
0.00242559
0.00216368
0.00175858
0.00253926
0.0023315
0.00248177
0.00182096
0.0021907
0.00172685
0.00187028
0.0019708
0.002594
0.00192942
0.00196703
0.0019319
0.0027408
0.00208161
0.0023099
0.0016825
0.00225941
0.00230379
0.00239762
0.00247862
0.00172883
0.00240048
0.00189142
0.00206223
0.00266303
0.0018764
0.00284473
0.00267198
0.00195346
0.00315268
0.00296002
0.00333852
0.00221084
0.00262816
0.00240197
0.00197201
0.00279247
0.00252744
0.0019388
0.0020056
0.0017595
0.00155393
0.00100858
0.00142449
0.00175197
0.00273992
0.00301196
0.00330306
0.00373756
0.0032905
0.0032524
0.00344001
0.00348246
0.0033948
0.00523072
0.0037436
0.00459314
0.0129143
0.00339751
0.00362356
0.00351294
0.00357884
0.00719676
0.00505794
0.00255718
0.00322935
0.00344381
0.00256952
0.0247684
0.0037288
0.00246559
0.00293107
0.00331225
0.00717092
0.00373354
0.0033988
0.00315917
0.00329244
0.00298264
0.0185872
0.00325741
0.0158557
0.00321125
0.0168527
0.00336386
0.00350983
0.00343581
0.00350499
0.00338414
0.0034502
0.00344588
0.00700692
0.00352197
0.00371382
0.00280809
0.00378586
0.016941
0.00319053
0.00329571
0.00463998
0.00242682
0.00327335
0.00340511
0.00338734
0.00292706
0.00345695
0.00249701
0.00350143
0.0035852
0.00350453
0.00362545
0.00326522
0.00346034
0.00402753
0.00409496
0.00290798
0.00358704
0.00411473
0.00398596
0.00296779
0.00360761
0.00370715
0.0118938
0.00389981
0.0045596
0.00372622
0.00383153
0.0043911
0.00259563
0.002582
0.00257237
0.0025761
0.00258129
0.00256977
0.00258308
0.00254724
0.00267442
0.00259548
0.00332933
0.00295086
0.00261706
0.00263959
0.0026116
0.00264729
0.0026633
0.00253299
0.00257935
0.00258669
0.00259579
0.00254752
0.0026085
0.00261626
0.0033322
0.00332131
0.00325443
0.00254942
0.00268314
0.00265692
0.00267313
0.00267106
0.00272126
0.00260487
0.00248696
0.00267508
0.00265153
0.00283326
0.00267617
0.00257786
0.0025926
0.00257998
0.00261686
0.00290819
0.00257299
0.00264505
0.00265608
0.00286284
0.00318601
0.00278554
0.00259933
0.00257656
0.0029077
0.00301664
0.0029843
0.00253352
0.00256464
0.00261616
0.00265994
0.00265518
0.00276095
0.00278642
0.00282876
0.00303401
0.000688605
0.000560164
0.00105512
0.00115457
0.00126801
0.00145693
0.00151056
0.00165019
0.00191602
0.00226855
0.00162237
0.00149356
0.00147891
0.00142812
0.00135173
0.00125512
0.00130081
0.00133227
0.00148131
0.00126444
0.00128349
0.00166636
0.00126686
0.00174178
0.00171536
0.00133693
0.00131157
0.00131348
0.00195348
0.00140418
0.00144154
0.00136878
0.00134584
0.00179857
0.00189682
0.00138935
0.00151103
0.00154855
0.00166954
0.00170354
0.00190116
0.00169742
0.00169469
0.00163342
0.00152852
0.00148574
0.00158843
0.00151718
0.00168981
0.00154298
0.00241224
0.00160748
0.00157499
0.00157871
0.00173583
0.00168738
0.00150241
0.00150192
0.00159075
0.00157748
0.00151085
0.00171959
0.00239274
0.00154055
0.00164842
0.00161268
0.00235469
0.00226247
0.00172092
0.0024509
0.00170869
0.00178571
0.00171718
0.00185944
0.00210521
0.00252304
0.0018884
0.00229484
0.00180432
0.00191217
0.00192305
0.00184322
0.00182325
0.00174027
0.00173035
0.00179511
0.00207195
0.00169854
0.00173822
0.00257626
0.0019042
0.00191096
0.0026597
0.00224489
0.00178258
0.00193313
0.00185489
0.00233951
0.00180079
0.00182869
0.00253667
0.00204083
0.00206725
0.00202742
0.00244952
0.0019436
0.00201384
0.00165733
0.0013751
0.00149157
0.00128678
0.0011997
0.00104067
0.000961142
0.00127961
0.00273581
0.00331253
0.0032202
0.0032617
0.00320405
0.00326632
0.00345071
0.00341275
0.00344965
0.00384141
0.00331546
0.00499769
0.0040592
0.0034701
0.00360022
0.00392869
0.00385075
0.00262622
0.00289327
0.00288402
0.0024953
0.00269269
0.00291207
0.00283893
0.00279657
0.00282076
0.00226078
0.00129457
0.000564646
0.00105413
0.00103313
0.0013851
0.0012665
0.00137231
0.00147681
0.00155404
0.00198968
0.00169247
0.00157579
0.00161696
0.001522
0.00142935
0.00139611
0.00124759
0.00125427
0.00173276
0.00168152
0.00127742
0.00130867
0.00127135
0.00124367
0.00127707
0.00125792
0.001492
0.00121951
0.0012994
0.00124446
0.00132409
0.0013698
0.00144444
0.00132875
0.00136616
0.00133471
0.00135303
0.0013701
0.00230653
0.00178521
0.00156062
0.00158517
0.00158919
0.00193337
0.00224401
0.00170761
0.00155137
0.00152286
0.00173616
0.00157125
0.00151608
0.00174538
0.00182279
0.0017301
0.0016223
0.00160529
0.00156643
0.00165408
0.00160513
0.00149329
0.00160104
0.00156539
0.0015474
0.00157876
0.00169085
0.00159217
0.00157204
0.00168582
0.00163684
0.00165553
0.00171982
0.00167096
0.00164616
0.00176696
0.00178269
0.00171445
0.00176104
0.00175234
0.00173195
0.0019093
0.00177863
0.00183909
0.00178297
0.00184677
0.00177969
0.00259882
0.00180003
0.00172491
0.00193971
0.00174371
0.00165018
0.00238082
0.00178489
0.00169471
0.00179413
0.00187358
0.00205616
0.00182074
0.00183725
0.00177004
0.00178581
0.00180724
0.00188341
0.00205894
0.00203563
0.00195828
0.00192001
0.00211455
0.00191629
0.00153702
0.00132586
0.00141804
0.00178899
0.00126688
0.00105752
0.00101621
0.00100744
0.00258606
0.00288304
0.00393683
0.00319395
0.00324854
0.00319251
0.0036961
0.00400042
0.00342758
0.0036865
0.00328596
0.00327973
0.0038462
0.00408675
0.00396649
0.00350966
0.00503124
